%YAML:1.0
---
camera_matrix: !!opencv-matrix
   rows: 3
   cols: 3
   dt: d
   data: [ 1.0099593051158231e+03, 0., 6.7237534451626084e+02, 0.,
       9.5823494087122765e+02, 2.6495066176721502e+02, 0., 0., 1. ]
dist_coeff: !!opencv-matrix
   rows: 1
   cols: 5
   dt: d
   data: [ -7.9090877728573719e-02, 1.1124863409758279e+00,
       8.8377673459443613e-04, 1.4106988917817560e-03,
       -4.8935554683439513e+00 ]
